-12.9186014546
7.403875555
6.9478766955
-6.2346213169
-0.8079198865
-19.8627584543
0.9290797404
-11.7638434474
-1.1824999959
-9.289313499
13.1730820125
19.7498825306
-11.4193965968
-1.4571816887
-8.6762266497
-13.8535567091
12.7337987756
1.7778979953
0.1350704691
5.4627829758
-16.5848502385
-15.1104055924
-0.9715834498
18.4329580846
-7.203235753
6.4803191441
9.235983611
15.0199086313
-9.6979003315
-11.7018835058
-8.1658954311
-5.6343513734
7.935231318
-13.4677746647
18.867314324
16.8198031763
17.2972382064
-10.6208998161
-9.9042978376
-19.0476469764
19.1248682936
17.1409979983
5.1136742136
14.9734908272
7.7123972833
-0.2425020796
2.7009528784
-13.9451758725
18.5211363319
2.476818978
-17.7826044473
-18.8436347052
16.5215870848
8.564948211
-9.4176993717
16.135824172
-4.8461134245
-5.8559485044
11.5013785897
-16.324078138
-16.7171296309
15.8597573236
1.0681077249
-4.5048341518
-0.7534745902
18.3896186965
-0.1008127912
19.9206719964
-2.0700050443
2.3462759519
-5.4037000375
3.1312355224
-1.4427103904
2.2870129142
-0.6936398284
12.0866797912
-5.9397624232
-13.9832798081
-2.5932493364
-15.5516774013
